1
8195
3
5
6
4
8
9
8202
11
12
8205
14
20
8213
8214
22
8216
8217
8218
27
24
23
26
25
28
33
34
8227
8228
30
8236
8237
51
8245
8255
63
8259
8280
8285
8287
96
8293
8294
105
8298
8300
115
116
117
119
124
8318
127
147
151
161
164
165
167
171
174
183
185
187
189
194
196
202
209
213
214
227
228
235
239
241
248
252
257
262
269
271
273
275
277
280
281
284
296
300
303
307
308
314
315
317
319
320
332
341
344
345
348
351
353
360
361
376
379
387
390
391
405
407
408
413
418
419
425
426
429
432
434
446
447
451
453
460
463
464
473
477
482
484
487
488
490
496
497
498
503
504
511
516
517
518
519
520
521
523
530
531
532
533
534
543
553
557
558
569
572
574
577
579
583
584
586
594
595
599
600
604
606
607
616
618
623
626
629
634
641
645
648
649
651
654
655
665
668
679
686
687
698
702
704
711
712
713
715
716
719
721
725
734
737
738
741
742
744
745
753
759
760
761
763
764
767
769
770
771
773
787
788
791
792
793
801
806
808
811
816
819
823
824
833
838
840
842
843
846
852
853
854
855
858
859
866
872
880
881
884
893
894
905
910
918
919
921
924
931
935
939
944
947
950
953
959
965
971
972
981
988
989
990
993
996
998
999
1000
1004
1015
1019
1020
1026
1029
1030
1036
1037
1041
1043
1044
1045
1050
1051
1052
1053
1054
1056
1058
1062
1068
1070
1073
1079
1083
1084
1092
1095
1104
1109
1111
1112
1115
1122
1124
1130
1132
1134
1135
1137
1147
1151
1154
1156
1159
1165
1167
1172
1181
1184
1186
1187
1189
1201
1203
1207
1216
1217
1219
1223
1225
1230
1231
1233
1240
1243
1248
1254
1255
1256
1258
1260
1261
1262
1265
1268
1274
1275
1280
1285
1289
1291
1300
1302
1303
1312
1313
1315
1321
1324
1329
1332
1334
1335
1336
1341
1343
1355
1356
1357
1360
1370
1373
1375
1376
1377
1379
1380
1382
1394
1401
1404
1406
1408
1412
1416
1424
1428
1431
1439
1445
1448
1449
1451
1454
1458
1465
1467
1469
1475
1476
1482
1486
1489
1490
1497
1498
1504
1505
1508
1509
1513
1514
1515
1517
1520
1521
1524
1525
1527
1528
1531
1534
1538
1542
1553
1557
1560
1566
1568
1569
1574
1582
1583
1585
1586
1588
1593
1594
1595
1600
1603
1604
1610
1617
1618
1619
1623
1626
1627
1630
1633
1634
1636
1637
1643
1644
1645
1650
1657
1658
1659
1660
1667
1669
1670
1675
1678
1680
1682
1687
1689
1690
1693
1694
1703
1708
1710
1711
1712
1718
1724
1725
1726
1727
1728
1733
1735
1741
1746
1757
1761
1766
1767
1768
1770
1773
1774
1778
1779
1783
1788
1790
1793
1794
1795
1801
1805
1809
1813
1815
1817
1818
1819
1823
1824
1830
1835
1836
1838
1840
1841
1844
1845
1848
1850
1854
1865
1866
1867
1868
1871
1876
1877
1878
1879
1881
1883
1884
1885
1890
1896
1898
1902
1908
1916
1919
1921
1923
1924
1926
1929
1937
1944
1954
1963
1967
1970
1971
1987
1988
1992
1994
2000
2006
2012
2015
2018
2029
2032
2035
2036
2040
2041
2043
2048
2049
2061
2068
2070
2071
2074
2075
2078
2079
2083
2084
2086
2087
2090
2093
2096
2098
2100
2115
2121
2122
2125
2140
2149
2150
2151
2159
2167
2168
2170
2173
2174
2176
2178
2192
2193
2194
2198
2203
2207
2211
2225
2231
2233
2236
2237
2244
2247
2255
2257
2260
2272
2273
2282
2284
2292
2296
2306
2315
2316
2318
2323
2325
2326
2329
2330
2331
2341
2343
2348
2355
2364
2365
2370
2378
2382
2385
2388
2389
2398
2402
2406
2409
2411
2414
2415
2417
2425
2430
2434
2449
2450
2451
2452
2458
2460
2463
2466
2470
2474
2475
2481
2487
2488
2494
2497
2499
2501
2503
2510
2517
2535
2540
2541
2542
2547
2551
2556
2562
2565
2567
2572
2573
2579
2581
2583
2584
2585
2592
2594
2600
2601
2604
2605
2611
2623
2624
2627
2629
2637
2639
2640
2643
2644
2645
2647
2650
2659
2660
2662
2670
2677
2687
2688
2695
2698
2701
2703
2706
2707
2711
2713
2714
2715
2717
2718
2719
2720
2722
2725
2730
2733
2736
2742
2743
2749
2750
2759
2762
2770
2776
2782
2786
2789
2794
2797
2800
2802
2804
2813
2815
2817
2818
2828
2829
2841
2843
2845
2850
2851
2854
2857
2859
2863
2867
2868
2881
2884
2888
2890
2897
2902
2903
2905
2907
2910
2915
2916
2917
2919
2920
2921
2928
2933
2941
2942
2943
2944
2945
2946
2960
2962
2982
2990
2992
2995
2997
3001
3007
3008
3018
3022
3034
3035
3038
3039
3040
3051
3052
3059
3062
3063
3064
3067
3071
3072
3075
3076
3078
3085
3090
3093
3095
3101
3105
3107
3112
3122
3124
3126
3130
3141
3144
3162
3165
3169
3177
3179
3181
3182
3183
3188
3190
3194
3195
3201
3202
3212
3218
3219
3221
3224
3236
3245
3246
3248
3250
3254
3256
3259
3260
3269
3273
3274
3281
3284
3286
3287
3296
3302
3306
3315
3316
3323
3326
3330
3331
3332
3335
3339
3342
3345
3346
3348
3354
3357
3359
3360
3362
3376
3385
3386
3389
3390
3394
3399
3405
3411
3416
3419
3420
3425
3430
3434
3439
3442
3447
3450
3453
3456
3457
3459
3462
3463
3470
3487
3491
3493
3495
3496
3503
3506
3507
3510
3517
3536
3542
3550
3554
3557
3560
3561
3563
3571
3574
3579
3583
3585
3587
3588
3591
3592
3596
3602
3614
3616
3618
3620
3630
3641
3649
3650
3656
3663
3678
3680
3681
3683
3685
3687
3689
3693
3694
3705
3706
3707
3709
3712
3724
3731
3733
3736
3737
3744
3745
3749
3758
3761
3763
3771
3772
3776
3778
3787
3788
3789
3790
3791
3792
3795
3796
3797
3798
3799
3809
3813
3814
3820
3824
3828
3835
3837
3839
3843
3845
3846
3849
3854
3860
3863
3864
3875
3887
3889
3893
3894
3906
3907
3908
3916
3919
3923
3926
3927
3942
3953
3957
3960
3962
3972
3973
3976
3978
3987
3988
3994
4002
4004
4006
4023
4024
4037
4040
4042
4046
4049
4057
4059
4060
4063
4064
4070
4072
4076
4077
4080
4089
4090
4091
4093
4101
4107
4111
4113
4124
4134
4139
4152
4153
4159
4171
4179
4180
4181
4185
4186
4190
4205
4212
4214
4217
4222
4223
4225
4229
4230
4231
4234
4235
4240
4243
4252
4255
4256
4267
4272
4273
4281
4285
4290
4292
4296
4298
4301
4306
4312
4322
4324
4329
4334
4339
4345
4347
4354
4361
4365
4366
4373
4378
4384
4392
4400
4401
4413
4419
4434
4437
4440
4448
4459
4465
4468
4471
4476
4478
4479
4483
4489
4498
4502
4513
4514
4516
4522
4523
4525
4526
4533
4536
4540
4544
4546
4549
4555
4557
4559
4563
4564
4565
4566
4576
4581
4584
4592
4596
4597
4605
4606
4612
4621
4635
4664
4673
4675
4679
4686
4692
4693
4694
4703
4704
4708
4709
4711
4717
4720
4721
4722
4740
4741
4744
4745
4750
4759
4761
4762
4765
4768
4773
4778
4787
4794
4799
4803
4813
4819
4820
4821
4823
4827
4828
4833
4834
4838
4841
4853
4856
4860
4865
4868
4870
4871
4873
4875
4876
4882
4884
4887
4890
4891
4896
4897
4900
4901
4905
4907
4910
4912
4918
4919
4921
4922
4931
4941
4944
4949
4950
4951
4954
4956
4961
4970
4971
4984
4994
4995
5001
5004
5008
5010
5012
5023
5025
5026
5027
5029
5037
5038
5039
5041
5045
5048
5049
5056
5058
5064
5068
5071
5072
5073
5074
5076
5080
5088
5091
5102
5104
5111
5113
5124
5130
5132
5133
5140
5148
5155
5156
5160
5162
5167
5176
5178
5188
5192
5196
5197
5213
5215
5216
5220
5224
5237
5240
5241
5242
5250
5257
5267
5273
5276
5281
5287
5289
5291
5311
5313
5315
5319
5320
5321
5322
5324
5331
5336
5337
5346
5351
5353
5360
5363
5365
5371
5372
5374
5376
5381
5383
5385
5391
5394
5396
5397
5399
5400
5416
5420
5423
5431
5438
5442
5445
5447
5448
5450
5454
5458
5462
5465
5478
5483
5485
5486
5488
5494
5495
5496
5500
5503
5509
5515
5520
5524
5531
5534
5544
5558
5562
5563
5566
5570
5571
5575
5577
5578
5579
5580
5586
5595
5596
5602
5607
5611
5614
5621
5624
5635
5643
5647
5653
5662
5664
5674
5678
5683
5687
5688
5695
5699
5702
5710
5721
5736
5738
5744
5752
5753
5759
5760
5767
5774
5775
5785
5794
5799
5808
5823
5826
5829
5843
5847
5848
5857
5871
5872
5877
5884
5889
5906
5911
5921
5922
5927
5930
5942
5946
5947
5964
5966
5970
5972
5973
5976
5983
5985
5996
5997
6005
6015
6020
6028
6033
6034
6049
6065
6069
6078
6082
6084
6086
6088
6089
6093
6094
6096
6109
6111
6112
6115
6116
6129
6136
6138
6145
6151
6168
6170
6172
6178
6182
6185
6187
6191
6204
6205
6211
6218
6219
6235
6236
6237
6244
6255
6259
6264
6265
6267
6275
6288
6289
6300
6306
6307
6313
6314
6317
6319
6322
6323
6324
6334
6337
6342
6343
6345
6346
6360
6364
6368
6375
6380
6382
6391
6395
6401
6407
6411
6415
6420
6423
6424
6437
6453
6459
6466
6467
6469
6471
6477
6480
6487
6497
6500
6504
6509
6511
6522
6523
6528
6530
6532
6535
6545
6546
6553
6555
6559
6568
6575
6577
6579
6580
6584
6593
6606
6608
6609
6611
6612
6623
6629
6636
6641
6642
6644
6646
6658
6660
6669
6671
6680
6685
6688
6690
6703
6710
6714
6717
6724
6726
6732
6733
6734
6735
6745
6756
6757
6758
6760
6766
6768
6770
6775
6776
6788
6791
6795
6796
6797
6801
6804
6805
6807
6820
6823
6838
6839
6849
6859
6860
6868
6876
6885
6890
6891
6892
6905
6920
6924
6930
6931
6940
6941
6950
6961
6962
6971
6980
6981
6984
6988
6996
7001
7002
7010
7019
7023
7027
7030
7031
7037
7044
7046
7057
7059
7060
7062
7067
7070
7084
7085
7086
7087
7101
7103
7106
7107
7109
7112
7114
7117
7121
7123
7124
7136
7138
7139
7143
7151
7157
7169
7170
7178
7183
7195
7199
7207
7210
7217
7219
7221
7222
7225
7231
7238
7244
7248
7250
7258
7265
7285
7286
7291
7297
7299
7300
7322
7326
7333
7335
7346
7348
7361
7362
7363
7365
7370
7374
7376
7377
7388
7389
7392
7394
7403
7405
7406
7407
7411
7414
7418
7430
7432
7434
7435
7437
7438
7452
7459
7460
7461
7463
7469
7472
7473
7478
7481
7484
7494
7501
7505
7512
7514
7518
7519
7520
7521
7524
7525
7530
7534
7537
7546
7547
7548
7550
7553
7554
7561
7563
7580
7584
7588
7589
7598
7604
7610
7611
7615
7617
7618
7628
7630
7631
7642
7649
7651
7654
7656
7661
7663
7678
7683
7684
7686
7702
7705
7709
7711
7713
7717
7722
7725
7731
7740
7742
7745
7746
7749
7750
7770
7772
7789
7791
7792
7793
7795
7799
7800
7802
7814
7816
7819
7835
7837
7840
7841
7854
7857
7862
7865
7868
7870
7873
7874
7879
7881
7888
7890
7894
7903
7911
7914
7915
7918
7922
7930
7931
7932
7938
7939
7952
7958
7964
7966
7971
7973
7974
7977
7984
7985
7988
7991
8004
8008
8009
8010
8011
8012
8017
8018
8034
8040
8042
8047
8053
8072
8082
8084
8087
8088
8089
8090
8093
8107
8110
8112
8113
8117
8121
8127
8129
8130
8137
8139
8140
8142
8143
8146
8147
8154
8155
8171
8175
8176
8177
8190
